44
0 0 0
0 10 0
0 20 0
20 20 0
20 10 0
20 0 0

30 0 0
30 10 0
30 20 0
50 20 0
50 10 0
50 0 0

60 0 0
60 10 0
60 20 0
80 20 0
80 10 0
80 0 0

90 0 0
100 20 0
110 20 0
110 0 0

0 0 10
0 10 10
0 20 10
20 20 10
20 10 10
20 0 10

30 0 10
30 10 10
30 20 10
50 20 10
50 10 10
50 0 10

60 0 10
60 10 10
60 20 10
80 20 10
80 10 10
80 0 10

90 0 10
100 20 10
110 20 10
110 0 10

62
0 1
1 2
1 4
2 3
3 4
4 5

6 7
7 8
7 10
9 10
10 11

12 13
13 14
13 16
14 15
15 16
16 17

18 19
19 20
20 21

22 23
23 24
23 26
24 25
25 26
26 27

28 29
29 30
29 32
31 32
32 33

34 35
35 36
35 38
36 37
37 38
38 39

40 41
41 42
42 43

0 22
1 23
2 24
3 25
4 26
5 27
6 28
7 29
8 30
9 31
10 32
11 33
12 34
13 35
14 36
15 37
16 38
17 39
18 40
19 41
20 42
21 43
